[
      [
        6,
        581
      ],
      [
        71,
        528
      ],
      [
        129,
        485
      ],
      [
        185,
        455
      ],
      [
        247,
        423
      ],
      [
        288,
        397
      ],
      [
        315,
        382
      ],
      [
        341,
        370
      ],
      [
        361,
        356
      ],
      [
        385,
        343
      ],
      [
        412,
        328
      ],
      [
        436,
        316
      ],
      [
        443,
        328
      ],
      [
        452,
        337
      ],
      [
        455,
        350
      ],
      [
        436,
        365
      ],
      [
        399,
        394
      ],
      [
        382,
        412
      ],
      [
        336,
        443
      ],
      [
        291,
        480
      ],
      [
        251,
        515
      ],
      [
        207,
        556
      ],
      [
        161,
        593
      ],
      [
        123,
        624
      ],
      [
        76,
        667
      ],
      [
        24,
        708
      ],
      [
        11,
        674
      ],
      [
        7,
        623
      ]
    ]