[
      [
        27,
        702
      ],
      [
        245,
        523
      ],
      [
        392,
        400
      ],
      [
        455,
        347
      ],
      [
        477,
        364
      ],
      [
        491,
        374
      ],
      [
        460,
        408
      ],
      [
        429,
        447
      ],
      [
        394,
        493
      ],
      [
        354,
        539
      ],
      [
        321,
        591
      ],
      [
        286,
        637
      ],
      [
        232,
        695
      ],
      [
        208,
        716
      ],
      [
        159,
        713
      ],
      [
        112,
        715
      ],
      [
        43,
        715
      ],
      [
        28,
        707
      ]
    ]