[
      [
        196,
        715
      ],
      [
        254,
        643
      ],
      [
        306,
        578
      ],
      [
        358,
        508
      ],
      [
        402,
        448
      ],
      [
        442,
        405
      ],
      [
        484,
        362
      ],
      [
        534,
        377
      ],
      [
        511,
        458
      ],
      [
        468,
        561
      ],
      [
        403,
        683
      ],
      [
        386,
        710
      ],
      [
        323,
        715
      ],
      [
        207,
        714
      ]
    ]